3.927029677419354714e-01
3.775179922122170462e-01
3.548808164676304222e-01
3.458016051527860735e-01
3.874733095734816946e-01
3.682082555818884106e-01
3.737685634809089219e-01
4.008446979701638657e-01
3.225748485692016554e-01
3.864949723714504737e-01
3.344126138888888766e-01
3.850877343848581047e-01
3.246956605340487467e-01
3.681424030148525706e-01
4.708068561872905990e-03
3.454527755102040909e-01
3.660420142293435708e-01
3.008733934675275057e-01
3.948087612220286813e-01
3.848654683228336926e-01
