3.533941040152508428e-01
3.653003062399262646e-01
3.447293450234895085e-01
3.844321355129389772e-01
3.640619835833234785e-01
2.811869190397007223e-01
3.764037699919456914e-01
3.616912426757812327e-01
3.493406241550247593e-01
2.264100122324158859e-01
3.857219771653543350e-01
3.829836468875640887e-01
4.157645689996045668e-01
3.914966170525541744e-01
2.906543982581156205e-01
2.884846707465101856e-01
2.586981426081904623e-01
2.898192636072571826e-01
0.000000000000000000e+00
2.893110962343096171e-01
